1.461338225E+12,16,-976,-32,354,one
1.46133822504E+12,0,-960,-56,354
1.46133822508E+12,-16,-976,-24,354
1.46133822512E+12,0,-992,0,354
1.46133822516E+12,8,-984,-32,354
1.4613382252E+12,8,-984,-56,354
1.46133822524E+12,8,-992,-48,354
1.46133822527E+12,8,-984,-48,354
1.46133822531E+12,8,-984,-56,352
1.46133822535E+12,16,-968,-48,352
1.46133822539E+12,24,-968,-32,352
1.46133822543E+12,24,-968,-24,352
1.46133822547E+12,16,-976,-16,352
1.46133822551E+12,16,-976,-24,352
1.46133822555E+12,24,-984,-40,352
1.46133822559E+12,16,-976,-64,352
1.46133822563E+12,24,-984,-40,352
1.46133822566E+12,8,-976,-48,352
1.4613382257E+12,16,-984,-40,352
1.46133822574E+12,16,-976,-40,352
1.46133822578E+12,16,-976,-40,352
1.46133822582E+12,16,-968,-40,352
1.46133822586E+12,8,-976,-32,352
1.4613382259E+12,16,-968,-40,352
1.46133822594E+12,16,-960,-32,352
1.461338226E+12,8,-960,-32,352,one
1.46133822604E+12,0,-960,-48,352
1.46133822608E+12,0,-968,-72,352
1.46133822612E+12,-8,-968,-80,352
1.46133822616E+12,-8,-976,-88,352
1.4613382262E+12,24,-992,-56,352
1.46133822624E+12,40,-984,-48,352
1.46133822627E+12,40,-976,-40,352
1.46133822631E+12,32,-984,-48,352
1.46133822635E+12,16,-984,-72,352
1.46133822639E+12,-8,-992,-88,352
1.46133822643E+12,-16,-1008,-128,352
1.46133822647E+12,-8,-1024,-112,352
1.46133822651E+12,24,-1064,-136,352
1.46133822656E+12,56,-1080,-168,352
1.46133822659E+12,128,-1072,-208,352
1.46133822662E+12,224,-1032,-168,352
1.46133822666E+12,272,-952,-128,354
1.4613382267E+12,280,-904,-88,354
1.46133822674E+12,224,-872,-64,354
1.46133822678E+12,112,-840,-64,354
1.46133822682E+12,16,-800,-24,354
1.46133822686E+12,-48,-792,16,354
1.4613382269E+12,-96,-776,32,354
1.46133822694E+12,-128,-768,32,354
1.461338227E+12,-144,-768,-8,354,one
1.46133822704E+12,-256,-776,-80,354
1.46133822708E+12,-360,-800,-120,352
1.46133822712E+12,-456,-816,-144,352
1.46133822716E+12,-472,-824,-224,352
1.4613382272E+12,-488,-824,-232,352
1.46133822723E+12,-480,-816,-232,352
1.46133822727E+12,-456,-824,-232,352
1.46133822731E+12,-480,-856,-360,352
1.46133822735E+12,-424,-864,-344,352
1.46133822739E+12,-392,-848,-376,352
1.46133822743E+12,-328,-864,-320,352
1.46133822747E+12,-296,-856,-392,352
1.46133822751E+12,-272,-880,-400,352
1.46133822755E+12,-208,-896,-408,352
1.46133822759E+12,-136,-904,-456,352
1.46133822762E+12,-80,-872,-480,52
1.46133822766E+12,-24,-896,-528,52
1.4613382277E+12,32,-888,-472,52
1.46133822774E+12,64,-928,-512,52
1.46133822778E+12,56,-928,-616,52
1.46133822782E+12,56,-944,-592,46
1.46133822786E+12,104,-920,-696,46
1.4613382279E+12,152,-872,-680,46
1.46133822794E+12,152,-864,-688,46
1.461338228E+12,160,-880,-680,46,one
1.46133822804E+12,112,-880,-728,28
1.46133822808E+12,64,-888,-752,28
1.46133822812E+12,8,-888,-760,28
1.46133822816E+12,-128,-888,-696,28
1.4613382282E+12,-240,-872,-640,6
1.46133822823E+12,-288,-840,-696,6
1.46133822827E+12,-328,-848,-680,6
1.46133822831E+12,-352,-824,-656,6
1.46133822835E+12,-344,-816,-656,6
1.46133822839E+12,-352,-792,-648,0
1.46133822843E+12,-312,-824,-544,0
1.46133822847E+12,-336,-800,-672,0
1.46133822851E+12,-296,-784,-616,0
1.46133822855E+12,-272,-776,-568,0
1.46133822858E+12,-288,-784,-568,10
1.46133822862E+12,-288,-792,-536,10
1.46133822866E+12,-296,-800,-536,10
1.4613382287E+12,-288,-824,-504,10
1.46133822874E+12,-312,-848,-520,10
1.46133822878E+12,-312,-880,-496,16
1.46133822882E+12,-304,-920,-472,16
1.46133822886E+12,-304,-928,-464,16
1.4613382289E+12,-288,-936,-424,16
1.46133822894E+12,-272,-936,-480,16
1.461338229E+12,-224,-944,-360,24,one
1.46133822904E+12,-216,-944,-360,24
1.46133822908E+12,-144,-944,-336,24
1.46133822912E+12,-88,-928,-296,24
1.46133822916E+12,0,-904,-280,28
1.4613382292E+12,56,-856,-272,28
1.46133822924E+12,80,-832,-232,28
1.46133822927E+12,112,-808,-160,28
1.46133822931E+12,152,-792,-104,28
1.46133822935E+12,136,-792,-104,24
1.46133822939E+12,104,-824,-80,24
1.46133822943E+12,72,-856,-80,24
1.46133822947E+12,64,-888,-56,24
1.46133822951E+12,80,-904,-48,24
1.46133822955E+12,72,-912,-72,14
1.46133822959E+12,56,-920,-40,14
1.46133822963E+12,48,-936,0,14
1.46133822966E+12,32,-944,8,14
1.4613382297E+12,16,-960,40,14
1.46133822974E+12,0,-952,40,8
1.46133822978E+12,8,-952,24,8
1.46133822982E+12,16,-960,8,8
1.46133822986E+12,24,-952,16,8
1.4613382299E+12,24,-944,8,8
1.46133822994E+12,32,-952,24,4
1.46133823E+12,24,-952,16,4,one
1.46133823004E+12,32,-968,32,4
1.46133823008E+12,24,-976,0,4
1.46133823012E+12,24,-976,16,2
1.46133823016E+12,16,-992,-8,2
1.4613382302E+12,16,-992,0,2
1.46133823023E+12,0,-1000,-24,2
1.46133823027E+12,0,-992,-24,2
1.46133823031E+12,0,-984,-16,356
1.46133823035E+12,-8,-976,-16,356
1.46133823039E+12,-8,-976,0,356
1.46133823043E+12,-8,-968,8,356
1.46133823047E+12,-8,-976,24,356
1.46133823051E+12,-8,-960,24,356
